1 1633.658081 110.000008 50.000000 90.000000 200.000000 0.000000 0 0 0 0 0 37.927551 1.611427 0.000000 0.005650 3 0.000000 1 0 0 PARADO 4 0.086322 500 
2 -1000.000000 -1000.000000 50.000000 90.000000 50.000000 
6 330.103577 2961567.250000 55.000000 50.000000 60.000000 84301.148438 0 1 0 0 0 100.000000 70.251259 0.000000 0.005650 1 0.000000 0 0.124946 0.000000 PARADO 6 0.107064 0 0.000000 
3 0.000000 0.000000 55.000000 50.000000 20.000000 
6 2250.289795 500.000031 55.000000 50.000000 60.000000 0.000000 0 1 0 0 0 100.000000 70.251259 0.000000 0.005650 5 0.000000 0 0.124946 0.000000 PARADO 9 0.053227 0 0.000000 
3 0.000000 0.000000 55.000000 50.000000 101.250000 
6 3168.110596 500.000031 55.000000 50.000000 60.000000 0.000000 1 0 0 0 0 100.000000 70.251259 0.000000 0.005650 4 0.000000 2 0.124946 0.000000 ANDA 6 0.035832 0 0.000000 
3 0.000000 0.000000 55.000000 50.000000 67.500000 
6 3832.989746 500.000000 55.000000 50.000000 60.000000 0.000000 1 0 0 0 0 100.000000 70.251259 0.000000 0.005650 3 0.000000 2 0.124946 0.000000 ANDA 7 0.083719 0 0.000000 
3 0.000000 0.000000 55.000000 50.000000 45.000000 
5 3832.206543 2961567.250000 50.000000 90.000000 60.000000 84301.148438 1 1 0 0 0 100.000000 70.251259 0.000000 0.005650 1 0.000000 1 0.124946 0.000000 ANDA 0 0.084289 0 0.000000 
6 4047.531006 2961567.250000 55.000000 50.000000 60.000000 84301.148438 1 0 0 0 0 100.000000 70.251259 0.000000 0.005650 3 0.000000 2 0.124946 0.000000 ANDA 0 0.130076 0 0.000000 
3 0.000000 0.000000 55.000000 50.000000 45.000000 
6 3552.514404 500.000031 55.000000 50.000000 60.000000 0.000000 1 1 0 0 0 100.000000 70.251259 0.000000 0.005650 4 0.000000 1 0.124946 0.000000 ANDA 3 0.087200 0 0.000000 
3 0.000000 0.000000 55.000000 50.000000 67.500000 
7 -550.000000 100.000000 50.000000 500.000000 1.000000 1.000000 parede 
7 -500.000000 550.000000 500.000000 50.000000 1.000000 1.000000 padrao 
7 0.000000 550.000000 500.000000 50.000000 1.000000 1.000000 padrao 
7 500.000000 550.000000 500.000000 50.000000 1.000000 1.000000 padrao 
7 1000.000000 550.000000 500.000000 50.000000 1.000000 1.000000 padrao 
7 1500.000000 550.000000 500.000000 50.000000 1.000000 1.000000 padrao 
7 2000.000000 550.000000 500.000000 50.000000 1.000000 1.000000 padrao 
7 2500.000000 550.000000 500.000000 50.000000 1.000000 1.000000 padrao 
7 3000.000000 550.000000 500.000000 50.000000 1.000000 1.000000 padrao 
7 3500.000000 550.000000 500.000000 50.000000 1.000000 1.000000 padrao 
7 4000.000000 550.000000 500.000000 50.000000 1.000000 1.000000 padrao 
7 4500.000000 550.000000 500.000000 50.000000 1.000000 1.000000 padrao 
7 5000.000000 550.000000 500.000000 50.000000 1.000000 1.000000 padrao 
7 5500.000000 100.000000 50.000000 500.000000 1.000000 1.000000 parede 
49 300.000000 181.448029 80.000000 50.000000 1.000000 1.000000 flutuante1 0 400.000000 0.000000 0 1 0.000000 -0.565000 
53 320.000000 525.000000 80.000000 25.000000 35.000000 
7 0.000000 400.000000 250.000000 10.000000 1.000000 15.200000 madeira 
8 612.831360 500.000000 50.000000 50.000000  
7 750.000000 400.000000 300.000000 10.000000 1.000000 15.200000 madeira 
7 1050.000000 400.000000 300.000000 10.000000 1.000000 15.200000 madeira 
53 1000.000000 375.000000 80.000000 25.000000 35.000000 
49 1350.000000 388.618439 80.000000 50.000000 1.000000 1.000000 flutuante1 0 400.000000 200.000000 0 1 0.000000 -0.565000 
7 1430.000000 200.000000 350.000000 50.000000 1.000000 1.200000 flutuante_maior 
53 1480.000000 175.000000 80.000000 25.000000 35.000000 
8 2200.000000 500.000000 50.000000 50.000000  
7 2300.000000 400.000000 300.000000 10.000000 1.000000 15.200000 madeira 
49 2783.109619 400.000000 80.000000 50.000000 1.000000 1.000000 flutuante1 1 2900.000000 2600.000000 1 0 -0.565000 0.000000 
7 2980.000000 400.000000 300.000000 10.000000 1.000000 15.200000 madeira 
49 3300.000000 388.618439 80.000000 50.000000 1.000000 1.000000 flutuante1 0 400.000000 200.000000 0 1 0.000000 -0.565000 
49 3588.063721 200.000000 80.000000 50.000000 1.000000 1.000000 flutuante1 1 3600.000000 3400.000000 1 0 -0.565000 0.000000 
7 3700.000000 200.000000 350.000000 50.000000 1.000000 1.200000 flutuante_maior 
49 4269.324219 200.000000 80.000000 50.000000 1.000000 1.000000 flutuante1 1 4280.000000 4080.000000 1 0 -0.565000 0.000000 
7 4380.000000 200.000000 350.000000 50.000000 1.000000 1.200000 flutuante_maior 
50 -225 5450 150 250 ========== 
